((("http" .
   [1 0 0 0])
  ("N/A" .
   [6 0 0])
  ("code" .
   [1 0 0 0])
  ("begin_src " .
   [1 0 0 0 0 0 0 0 0 0])
  ("C" .
   [1])
  ("hw1" .
   [2 0 0])
  ("DONE" .
   [0 0 0 1])
  ("BIND: " .
   [0 1 0 0 0 0])
  ("include: " .
   [1 0 0 0 0 0 0 0 0])
  ("begin_center" .
   [0 0 0 0 0 0 1 0 0 0 0 0])
  ("R" .
   [1])
  ("tblname: " .
   [1 0 0 0 0 0 0 0 0])
  ("end_src" .
   [1 0 0 1 0 0 0])
  ("name: " .
   [1 0 0 1 1 0])
  ("$3" .
   [1 0])
  ("@3" .
   [1 0])
  ("CMSC389L" .
   [1 0 0 0 0 0 0 0])
  ("startup: " .
   [0 0 0 2 0 1 0 1 0])
  ("*" .
   [7])
  ("Assignments" .
   [1 0 0 0 0 0 0 0 0 0 0])
  ("CMSC456" .
   [1 0 0 0 0 0 0])
  ("HACS408T" .
   [1 0 0 0 0 0 0 0])
  ("CMSC414" .
   [1 0 0 0 0 0 0])
  ("Lab0" .
   [0 0 0 1])
  ("\\begin{center} Drake Petersen \\tab Homework 1 \\tab February 6th 2018 \\end{center}" .
   [0 0 0 0 0 0 0 0 0 0 0 0 0 0 0 0 0 0 0 0 0 0 0 0 0 0 0 0 0 0 0 0 0 0 0 0 0 0 0 0 0 0 0 0 0 0 0 0 0 0 0 0 0 0 0 0 0 0 0 0 0 0 0 0 0 0 0 0 0 0 0 0 0 0 0 0 0 0 0 0 1])
  ("clfsfs005" .
   [1 0 0 0 0 0 0 0 0])
  ("clfsfs004" .
   [1 0 0 0 0 0 0 0 0])
  ("com" .
   [1 0 0])))
